27537
41203
29102
53270
31242
27856
03411
20138
24400
21285
21930
48523
15731
12401
52402
25002
56952
23557
24383
10656
50462
01544
35050
35981
00914
11308
49011
11966
42889
21463
16400
59402
25005
46608
00852
53387
10199
48168
47169
47922
18002
39818
51007
15239
24209
12721
14693
22288
38483
44754
00003
37313
13060
47935
05119
29519
51807
19403
46850
24642
19363
38691
23454
11828
55186
14507
58939
43967
14510
22865
40888
38802
08536
31769
57778
28935
50134
42387
30579
09454
33411
34664
58429
16919
40574
58077
49354
54372
01362
15932
58161
49920
10344
12661
42310
09905
43271
48344
09854
25790
48737
30798
09867
50297
50644
58415
18753
21110
21552
46233
08148
35444
37565
34943
34729
34387
55032
15488
16070
10747
07435
56605
44043
00652
35454
02059
01123
35876
30855
44630
29970
48195
49838
38897
36805
01971
42015
17068
36920
42909
40221
01571
26039
21319
46956
03526
37160
03046
26402
08035
53068
54100
59048
57255
21974
48319
22677
25181
20090
50992
24441
50342
15997
37532
07663
02654
08738
07436
50369
18119
52716
47987
46698
55608
04915
49645
11560
22543
55671
28111
59059
50613
34182
53513
00742
43678
20584
21447
30838
55169
56179
33499
53738
05005
54367
27961
18704
08637
10387
33756
56558
10135
41874
57856
33932
43874
33487
49655
43967
07509
13665
37787
49168
41009
42884
03634
29666
01773
07871
11629
24128
31719
22937
35095
49394
33605
29782
45427
37489
53008
09928
09797
52840
04342
21737
51686
13242
56869
02694
43024
03886
34415
18426
51703
39194
26078
41604
37883
20632
02505
23256
54496
59288
52012
17710
34779
56023
24475
47531
36409
46773
01953
17327
13862
51352
59226
28842
48319
21154
11279
46389
26655
28390
39815
52664
08696
03716
31820
59411
58591
18424
29203
18678
38832
53796
30006
23277
58051
11511
16354
46231
22113
20794
48131
04102
13225
35777
25256
21508
18996
54217
04460
23632
48587
57824
19645
13718
55391
02617
54980
22730
09740
41148
07895
11619
03537
25123
07488
54892
54376
37153
31133
24438
10953
28488
12556
59308
41747
41963
15505
11849
30646
35873
09654
43683
28523
32149
20864
56797
54476
07823
29483
58448
16430
24649
27264
55167
56674
14026
14474
55099
31159
14215
05589
10934
52876
30588
31452
00055
32918
47360
47314
49847
02225
56596
46586
24231
51609
15637
33537
34598
02660
51245
27433
58219
41955
54576
55562
33567
53167
49690
57682
58699
41482
43952
04956
19554
43596
08373
13878
35415
59927
22003
49786
57685
39125
24890
51714
29745
16857
37270
25826
48658
13803
57948
27780
31752
26356
08358
18282
41348
41179
01346
41005
12261
28771
21459
03972
43790
34060
03758
48357
29304
06239
08393
45425
24503
22249
46927
19898
58760
35453
15026
10309
25297
45347
39932
56429
26725
56004
30472
13667
13224
21991
18054
11907
08466
56976
09154
26107
16364
57929
02135
01075
04862
12217
13111
01688
25307
22180
50995
30478
56830
41948
08921
52113
15066
09084
10221
59172
14628
26172
46649
10791
45234
53927
42401
36901
32249
36739
42592
25012
13466
18088
05354
48765
57687
39823
10264
52074
04611
18328
27835
08620
27957
04768
49201
52297
42520
11203
18966
20600
32706
54193
26853
28088
00705
49530
44422
27906
35462
37059
46405
33389
19954
13465
34286
45515
02977
07028
19268
28637
03553
12920
30188
41458
15550
03395
59279
53107
53757
39356
12945
37568
07953
36780
51606
04994
22648
26505
44437
51793
59571
10173
19107
58593
39245
26526
10203
43601
35546
33008
49571
16469
00422
25985
33097
19739
26560
53630
45010
30139
49834
52501
36657
22131
47864
29012
38080
34728
21330
55327
44301
52093
46618
29540
45963
12564
23645
14179
51987
29212
56140
16076
34794
38085
39724
10140
18443
52091
40369
37491
18706
34632
57349
55687
33146
15895
19641
10480
11914
17544
59446
26688
34922
20487
43722
42285
38882
57238
23862
36625
24746
14927
00413
39442
46811
12377
51058
39365
51419
03815
14391
42402
09124
28801
59477
46309
28119
06551
58579
04418
59851
59304
37198
23968
06287
49646
06360
30688
24260
41989
25346
55514
43449
14629
28497
41155
30725
28965
47318
32329
03393
18571
48200
03539
29966
13236
37124
36353
10895
01869
19173
10524
00365
36420
44280
28259
39387
06173
29542
10145
53090
59042
26166
18513
51304
08255
35262
15770
57845
28426
09091
02031
29153
19909
53290
51893
05838
04033
25967
35721
47229
44753
44201
16454
06267
14720
13542
49209
13496
11135
42558
32454
35508
52172
09415
27664
04392
42157
27493
12740
02202
47193
20516
57421
44406
49521
36449
06246
23111
12099
27781
59457
35043
25621
52240
18482
33317
11542
34979
35853
58830
34641
56909
46273
13936
11459
18085
53108
23038
10523
51492
34854
16215
38644
11754
34517
47018
31114
05408
07462
36043
03549
53524
52018
33192
16959
25241
38113
15874
54277
34801
14342
51198
21651
38054
14236
04527
17235
02361
19791
15230
53763
17514
42426
35919
36529
24181
45772
03925
05408
57042
55569
27256
34423
45576
45422
01777
49548
52117
56195
03429
35216
24934
37464
34947
18234
22278
23672
47861
55382
20697
56002
07622
44199
56945
17130
12243
17172
46076
05884
55763
43957
13824
29337
49507
43276
28027
51632
30566
46585
47937
07891
39623
05325
18602
37770
08798
17934
43052
21869
33075
43831
45329
15821
09953
12408
03417
23727
46153
28186
39045
01457
07447
47610
46560
06890
24874
38909
46057
32379
00231
18596
33198
30561
43047
38208
30064
25641
15497
28828
36842
01342
21065
00917
18491
28710
33091
10249
06543
48316
38925
44426
16422
45600
40866
07725
16387
25128
20600
02333
47905
46945
29468
33852
23889
46955
22362
03919
06178
37343
37601
06803
00633
14849
24324
08925
16871
48794
46150
06254
20120
19050
29022
19585
06929
24439
41258
19772
48986
08161
30228
41169
22848
18040
21290
31990
01896
36792
31802
00163
25997
12314
22586
40730
15569
07925
45266
33260
25848
17051
04792
22012
30934
20695
18958
43455
06303
31563
02476
41854
30448
03460
20914
37058
46903
09580
24179
19797
18817
23461
30631
24054
33342
43017
41540
11403
33200
32090
44316
30450
32467
38541
26845
09339
39899
39629
24611
06062
36740
44052
46360
22575
11170
19763
40206
22697
00053
42040
03373
07957
07339
40780
20558
43149
00517
00532
21954
26813
26295
05809
37041
49545
38794
20725
18160
18707
01678
18326
43776
34097
44827
48068
18317
16116
49357
01675
41733
48404
01231
24174
46374
36962
27637
37344
43397
03719
48022
00459
20860
23369
36692
13806
16974
22832
30057
07041
25555
20333
52072
14412
57127
33651
12225
30151
25660
10308
25961
50747
58634
46267
06079
28353
34614
01392
21167
08714
32568
45742
47002
24569
56104
28575
55724
43956
22103
25468
44147
37017
00930
47575
37572
12987
46849
27326
31244
41970
45848
29072
12265
30886
14714
34258
29123
36983
32046
25607
26201
42476
46959
57815
12043
07792
01287
45685
16477
20687
16620
42251
03703
27163
46474
38434
31595
37921
57462
20735
56002
59696
11607
18693
06649
55683
57001
15272
03113
04452
49993
19766
42218
59683
17274
19721
15845
03096
43631
28440
53107
26600
25622
04213
15560
06291
09758
11524
01214
53520
41831
58595
26988
06845
42264
17406
30414
11776
10654
32444
24361
29672
48097
52438
17642
02961
16003
34153
40510
05985
23173
17868
45957
30834
59489
01229
05125
09668
34308
23824
57700
26936
44111
00825
12922
57336
45053
49674
24235
23300
21094
55131
11955
38421
58878
37259
17960
29277
52796
06828
04520
39224
55981
00787
15750
59419
31753
49081
52765
06759
25659
44431
00035
10925
55094
23233
35930
01232
40188
15500
13063
55844
25390
06236
18328
58768
05579
54227
10848
29000
28851
20770
53289
53219
56261
24017
07615
27515
50787
17834
05821
27415
54449
03159
43337
41118
43641
52005