28582
55504
47709
07016
90835
15485
50605
80796
76490
75028
14173
74581
09650
94046
58225
42611
83821
01655
11519
73261
99484
24226
43505
94458
56603
06025
24105
68182
21022
40874
35820
25654
93130
32964
21359
67829
43699
73148
40852
87775
45530
96508
92740
07434
74147
18735
01558
06107
89681
07534
22946
54534
92597
00153
41472
36482
28692
10655
78345
45551
88113
40421
77587
69723
60665
74136
65038
11589
79977
01480
41268
45474
44105
38735
99396
74664
65966
20320
14816
34939
97730
29445
94881
82802
33434
14083
17608
35878
07893
28844
63963
90540
12296
90783
97933
63204
90358
04855
94304
33215
76927
38879
39372
77462
24625
04115
10296
48868
31043
93220
96625
78214
41928
47935
14412
29711
52926
33284
52373
00991
38803
58716
02051
67377
25146
22814
57409
92235
01219
04488
67327
47076
55966
94151
52025
59690
03963
37013
51268
98694
33794
55905
89209
55491
27938
84386
31042
60856
91428
48172
71384
40424
98553
65962
50761
50228
38567
08316
54538
19264
57965
89292
65924
30121
09367
03061
25396
71585
20967
03869
68565
10924
01465
11415
83935
51362
45998
94081
52823
45812
97598
91336
88584
89897
48442
55291
58304
86391
72225
76600
74237
22529
51480
61801
30088
73429
71447
87002
82312
30593
71735
66570
91366
66481
97921
28015
52099
03714
05204
46778
12498
95303
48321
71304
12170
59374
23416
90921
98826
69436
51940
21060
69552
56326
42701
75853
67124
66248
71650
56810
25896
45353
83239
83865
43344
38156
32222
63901
72110
49991
72617
04573
62999
21991
90465
89886
97236
91030
21362
86901
24984
55624
17060
22127
24477
81901
52682
44981
02729
02746
04671
53317
24232
00084
16861
67994
66414
65435
08727
30059
07711
32678
82787
04901
81089
23701
54265
18342
74610
88944
92037
77785
36633
24254
28866
02739
59223
54585
64397
41900
63620
97423
43055
00470
81069
97428
83940
19546
78167
54341
98165
63934
66026
80234
57947
12122
95770
02820
65944
76540
22699
51515
09444
59847
52091
38390
28288
01186
17196
92031
19779
59558
74942
27736
95730
26803
00388
24852
91913
22779
98260
27012
29442
65753
87349
76643
98412
64520
54607
89299
13922
70280
56440
27105
84346
54035
21641
93471
35827
04244
50799
99734
17754
59739
07877
32227
48666
02292
86538
93384
28281
83866
45498
72755
58244
91320
15070
41108
76223
58600
86215
79840
06045
61739
91851
64886
75580
06786
09174
89154
69804
73421
34101
60612
64015
14532
56949
56648
82043
98092
58336
17296
88543
56700
33627
20800
40679
31033
50097
08264
71307
22074
47264
16344
94825
23430
84672
44239
56157
41585
40404
21659
10799
16229
95374
24859
98015
65732
86979
41413
75773
92551
78418
58205
87120
83967
68297
59277
56552
36254
51842
09172
18782
36952
83244
83594
62731
92056
16449
47170
54482
65034
16198
56285
13805
44533
19027
49888
37079
99260
26763
28795
16254
51478
62584
89664
35305
12678
91231
52913
87719
68021
00665
82071
97215
86454
03702
02107
86984
02954
49035
23687
79934
86529
61034
71852
25172
80488
59757
50634
49613
13186
79534
90351
38892
15222
98502
86462
07766
86982
93027
60358
20650
75457
41733
03050
97927
92049
19901
45177
32971
21548
25057
65372
08332
19302
00276
51880
72158
44255
22951
57084
75733
45657
27503
13129
86956
33013
17824
92802
41259
92418
67302
88001
32896
67196
42961
71247
00460
25630
53254
58889
34172
29547
61843
90604
48297
48659
88192
07871
44567
32517
19833
08077
91522
56143
53022
03884
89983
14010
89931
36665
84685
90152
37321
30240
49383
80860
63851
72532
14238
35633
97005
32879
59874
81142
05602
44630
57536
91067
75281
49275
33334
64997
17877
61116
56148
96646
95815
49071
61566
17628
39841
13013
97301
96779
59574
52843
04071
24735
26214
48267
73771
27850
65938
29209
94258
67715
32310
09319
35601
61743
95137
55301
02724
54573
61524
62974
62805
69302
92628
53405
85124
86247
98046
88261
81970
61423
53006
56165
10723
03698
02421
63519
64350
59636
90546
17707
68145
54138
31188
29375
89215
29890
28144
64293
33274
51735
42021
29615
34343
83568
76925
44083
18103
52542
37174
01070
61064
02410
05240
65505
12897
79523
39152
55374
28891
29740
83289
98032
30397
82026
97062
64297
47739
77024
00996
53001
75021
13638
11657
00001
81502
17392
58867
18889
50920
07843
81317
94650
69390
94058
16590
79002
91957
05336
55248
89489
42997
67534
66406
50485
48156
00400
39467
01876
83880
20619
38633
95056
96821
90262
32482
20094
05528
32753
49962
29507
62107
14842
97695
24691
80701
28463
39954
98749
06605
18763
17654
27393
89887
68411
79400
83250
31597
18973
09820
74171
11036
05853
76702
48792
46365
77796
41896
88428
39210
50653
88197
89919
66580
34901
76846
94523
55534
17005
04522
19202
24546
21684
45752
14054
21465
91716
11399
59613
16247
24287
06508
28442
77989
49433
93879
16888
64392
63868
10895
82475
69627
62310
39484
05761
68312
70288
22298
93303
10249
41721
35926
87327
86786
52275
91589
79729
13419
33890
96955
54471
80132
08505
46873
17653
55087
08881
80059
85830
47616
81532
57998
54862
74648
70273
75196
76305
96839
40910
39205
31233
68011
46675
71098
60564
31530
48932
14446
36910
52482
39971
55998
17709
31150
90521
26699
10914
89212
89852
20463
13107
83841
76169
24221
88560
30900
72580
18143
95502
41153
11229
10367
55358
53071
43355
93226
02320
25974
02025
40591
45062
47394
71219
80986
66249
76136
61198
01577
14263
22384
47654
90514
85321
99501
77797
45076
20668
70223
20225
43891
67387
17033
39887
35430
44992
11310
31207
12677
55369
45205
81171
80206
55127
85243
78327
61425
50952
65016
61672
84882
75991
99152
09873
88358
37455
15678
75133
35534
20332
91543
14160
26689
51178
90700
79613
29590
13238
48888
17492
20236
14035
20770
03013
89658
95289
02662
59206
36387
70135
81874
36208
09302
45642
80014
51952
36411
39587
39254
35451
07135
86926
73016
48867
94920
00814
03292
25567
28698
95520
14491
25048
41039
92595
52188
34915
45069
27008
57868
02912
57713
82848
00760
59195
71995
17539
86350
65370
73171
76868
22580
53269
38645
59503
42315
84096
87489
56316
46235
54151
57639
19990
18339
16348
84432
15370
80070
79043
03415
28835
31429
42419
94246
68453
06801
10855
84901
19546
63594
39279
50643
57723
34537
74719
88081
87364
23765
27208
65407
72609
77996
36646
03782
07529
33403
85655
24178
70380
87208
46602
75578
47231
13004
69504
09502
26450
50813
07902
19990
19309
36549
72109
44072
48805
92303
92665
52854
21369
60304
33920
72255
18860
65581
15863
70153
69702
65164
83212
45710
16118
30475
43908
49220
16789
73500
66586
37958
10745
36035
59557
03097
27835
34130
26542
08263
83482
58528
72122
39340
02075
77667
31029
46631
98525
38277
35150
91773
55964
16185
94979
62243
73158
16537
26569
63401
52457
38324
41709
21928
79250
34865
04057
28416
45187
48265
26309
27185
26632
25466
57042
99435
40760
50482
08048
32416
65047
69807
97482
48747
10815
62435
02866
44306
96510
51008
20370
30452
57239
72801
50244
70783
10331
20667
07782
12778
26090
25427
52996
57705
71706
39970
40375
16547
53917
91043
42052
32580
94720
36847
45395
38845
30454
55967
51540
34503
79990
70652
85541
42593
30414
88001
33476
74533
72048
30420
80121
95641
78882
71438
23224
64498
44138
41437
57157
06462
13592
48405
46863
25913
17865
88351
92229
73750
64037
91911
26362
45895
47025
39082
09206
65391
05587
50131
81267
67058
79311
60829
98295
00777
47457
27982
76799
52616
99618
12048
20616
91810
75359
57829
87188
29453
81596
39620
84103
78824
53489
56447
24254
13443
98594
24510
56692
65517
18627
59600
58614
92855
14440
46687
38441
61630
17077
36269
22368
35971
47032
25466
14281
30518
02301
68211
67369
86937
78991
22096
38288
17918
90660
78208
85571
27814
58114
71673
58561
15055
04917
47692
23318
76488
15536
70223
56885
46125
95221
65956
65317
10853
06145
20349
17716
02975
67107
11042
51339
06785
65753
78434
20837
57906
46866
74066
43691
04718
80960
85923
24504
30041
22547
39751
17195
20317
88169
67870
93446
06407
74885
58714
14037
25627
18597
35084
18945
76958
96009
38722
34979
46640
23286
31383
35878
45333
49331
38670
54392
03671
39638
60868
10873
95670
81084
90756
83662
75934
21998
96256
83086
55401
70684
88565
12776
19310
70035
59084
96693
89487
28998
80641
39397
74976
50531
84260
52457
81571
49458
08630
87289
36852
42445
50136
60013
57288
32237
28952
98986
44921
02648
88020
60042
81716
42502
68472
00116
24828
90407
94034
33377
90938
07422
99819
85646
41588
83761
72914
82163
34895
05357
55214
26963
09542
10018
95766
47863
20234
90394
66528
59469
12426
69300
45005
51972
81409
12715
06725
86793
70958
10852
51714
52164
08146
82033
08260
24781
15576
56010
34098
73450
61760
97619
43066
20007
61967
42671
88957
41508
29045
54021
67750
85140
15121
14911
02885
07890
95265
45539
59776
22576
02847
25692
96791
87235
82525
51349
43224
53702
36203
18306
47306
70116
29294
84346
43713
55545
03163
11313
59575
78449
34666
05526
76931
44033
52128
02653
92042
67052
32670
73309
07748
34889
03906
19178
44364
84658
67043
52212
69239
46935
16302
79831
09302
54435
04060
98477
41392
87679
20776
78588
44328
40912
81985
49235
26789
05451
72147
46793
86502
56729
08694
29087
98002
59035
59909
81502
68387
18770
02100
85548
71957
24934
68585
02025
32715
36078
72252
35989
54503
98847
95068
84393
15244
62135
04369
36414
91737
81121
71823
31861
10210
75074
34586
16749
09268
52082
10235
91711
31958
59532
54167
02480
37531
00876
95396
88486
70084
75025
36343
80534
89568
33140
86670
29676
90202
80786
91344
72757
53051
22023
81393
82343
10016
19311
80931
19274
33306
36240
98328
94564
72948
93125
70161
36929
80276
53221
62484
04612
64861
30126
85196
90272
77828
77302
29753
94581
26122
17942
70097
64304
04838
23440
97922
29944
90676
89940
67925
16422
29574
95393
46315
29836
71151
98088
30575
91188
34436
92098
34299
36485
57720
92548
76451
11867
54724
40621
69755
10615
60018
46423
63042
42603
19057
58432
19620
42654
48982
33079
83146
26228
27471
57917
83662
73416
56496
73818
17883
60906
16165
24613
88293
53487
80055
79147
04002
00211
30726
34073
11126
17125
01934
98209
57459
23288
05961
64875
77482
08314
10157
26970
92069
26626
44274
26459
48913
78283
16305
46159
58140
15382
62011
34685
33362
08320
61461
57501
88158
72942
92044
15944
45447
41621
38922
32667
10018
48079
50826
83628
10487
27345
54194
38193
36171
84414
07038
90532
68891
25222
53276
88585
59798
87599
44729
03120
83776
10797
43326
06792
66180
45657
97776
49730
40467
19733
31119
57915
45865
29313
64233
89572
76732
38249
10390
33308
86864
71803
04213
44697
22756
05410
28458
53272
49782
38396
04355
22350
48849
33729
82790
82399
65213
53922
71713
36109
86425
56936
16923
03979
50488
09992
66418
86429
50214
82062
44514
78272
36662
22822
11212
14493
78618
15320
39552
39685
09924
96363
49897
75177
53765
12750
21806
03606
83704
31058
71387
54052
10791
67697
31784
99750
36392
61204
81480
50182
13058
23401
77967
60618
39335
33422
93036
03066
76396
44671
95777
23955
79184
28519
85180
13383
82744
74006
41795
28822
30348
26154
96418
51120
93419
83516
52449
14434
99737
66176
94332
41092
73209
50753
39682
43070
49534
78495
34377
88434
05588
07192
90171
08945
66550
06566
16065
44851
98875
24348
47597
98207
16332
00139
94004
13891
57105
38874
49777
30123
03123
45044
49433
09030
83045
97205
00505
56147
42928
94240
32524
91140
90161
93287
31351
74031
80175
00325
66823
83189
39248
46192
37960
44660
36140
37073
18040
40606
70401
49079
14961
63159
35238
79228
48821
90440
93580
82095
10345
15343
47397
19579
51492
78212
74943
38413
75988
98586
36882
14481
67929
68810
94592
20038
36969
20804
24771
87150
04423
56777
54961
77335
32411
91900
83447
54925
59874
99072
62065
10775
39427
66688
45429
78648
25629
65333
34535
60170
55315
03009
88046
93818
45849
14979
34222
35005
05395
53324
51648
03845
52289
61141
41760
71693
39570
96177
81778
80442
84055
46861
31985
92374
43331
42499
79428
60091
63652
75166
85294
37886
92110
93105
48649
45396
79345
47337
17387
83159
48112
78682
46224
73970
60729
37108
85153
21727
41789
36484
03311
92524
84313
52025
17246
59316
28140
21684
01339
82359
20343
08943
51557
59740
85354
03144
38562
34697
18575
71503
53126
12239
92585
03365
57288
70766
24437
33974
80723
78724
51239
61186
59318
12621
12611
66463
07408
13953
41033
29221
83755
74322
36010
13454
90157
27819
84653
44141
53702
02436
09463
38183
86858
07608
08543
10917
60045
26076
39984
22074
53224
95085
49018
51637
91358
91193
80458
39274
98893
08159
95134
87622
66543
45443
69921
92104
37408
50528
95778
67314
39839
68983
69921
33145
13775
29793
94675
60793
42235
97179
89075
03071
68696
07782
20860
64154
48638
26602
49988
31277
19525
07139
54952
84194
99845
91523
34738
89361
69745
24719
24967
95550
95923
88046
17088
69480
20814
43435
82821
25307
36581
93468
27513
68189
26892
26645
95981
83372
70719
03087
28144
20243
03136
71258
06001
88148
65282
26188
73915
46322
79714
90651
37448
06643
40367
13750
08119
72199
69264
07575
19408
88795
65012
67843
68612
29478
82924
19222
96722
19500
60813
08724
32660
33154
12185
21739
26621
60754
87126
39000
92331
85800
45325
80168
21992
77940
44087
51349
65463
42238
61725
18713
03210
78523
18435
73392
00123
78184
55734
71509
80071
96011
97720
73927
07781
56394
12927
32095
25366
76463
99746
70002
66243
50327
45521
22622
35805
26148
81626
43771
29864
23469
95985
11794
11966
11996
04361
77921
79048
82896
62057
17767
01393
26923
42625
54525
85895
51492
47581
33963
54857
39712
64352
63831
22548
30532
83742
47718
68708
01511
43096
33493
27013
47418
68269
55548
59559
97301
28844
26583
24703
99085
19073
54956
05289
79585
98797
27529
79474
91501
59803
97585
56561
22174
84059
89130
32528
13731
61881
73495
20144
30600
97319
44441
66669
13763
15994
50055
72341
69399
55160
19610
39594
12046
99836
92018
33237
29706
93995
73787
49722
26665
17718
64177
04189
00027
10799
09993
15085
45249
33085
67138
07423
40694
60558
80440
09663
63658
25690
54495
31581
44969
00375
98500
16609
81753
63328
23912
25932
42403
92374
79650
29017
06117
13627
84585
80809
96802
90708
27983
78437
49325
97072
44688
56873
91149
68328
56876
62915
84948
34455
04505
11905
66587
54284
07867
59344
14105
03757
06229
63636
71296
60848
97482
66213
48067
43112
96093
45040
28337
26476
13596
50225
29589
35530
88649
21718
72349
63067
46516
09432
29411
34461
40984
03702
88789
61668
52031
77051
76065
40833
12800
55771
54011
51489
65825
02402
15877
63043
13352
78526
91415
28595
73763
93293
79787
50152
71198
24742
01253
54822
14131
48616
28650
27819
52747
70457
31488
66089
84105
61143
53755
55600
45352
75648
52325
41616
63289
66681
81890
51134
17421
73884
22101
82539
53387
05063
46243
35489
44070
29936
33746
58304
29282
95115
63775
67854
74571
81537
95273
64568
15435
51124
87196
95982
35557
50226
46878
78717
84964
97509
93101
11920
83478
41875
20241
59926
18247
18032
43308
60685
45010
98401
75941
75455
27226
37141
78308
73038
58485
88400
73542
60884
52045
37048
67893
58272
34480
28545
14547
24395
70735
66595
88747
85680
01950
78720
67823
51107
72586
42427
19529
69019
09201
20411
02755
55516
30070
79792
18519
33278
95238
82763
41872
62047
14223
97748
77342
76043
29631
28142
44766
35559
86112
55752
40664
77144
32766
60916
69727
98688
86667
02979
55280
52827
21744
35270
99729
22376
70379
42413
25910
53698
45680
10930
06145
09286
06212
58503
56233
89426
20319
39633
99747
95914
42563
57905
98795
40077
21616
45954
56768
03653
89630
16838
66531
51524
88397
93914
00956
69822
57763
67034
27832
05534
74203
28337
70065
69203
92724
50197
03469
33978
74122
31666
48202
77912
92613
03019
54074
88750
89366
88412
64697
02291
63156
60699
72748
07025
29554
42019
91872
49149
34830
42860
78684
26567
77805
68596
89491
03008
77879
62749
52219
50392
05957
49674
77706
90070
52902
11488
57856
79674
94862
39059
44121
23545
53358
73481
81784
30193
71892
58021
12784
91264
73262
16248
88448
71718
90128
80542
70615
18630
76639
98493
19565
85304
32156
54612
42297
07216
45382
11245
80725
35634
68287
72390
79924
63679
39873
42544
24723
91743
62678
89595
62119
88251
64517
36853
97954
28311
69940
15675
86542
20856
35284
31349
87397
54268
78716
43214
70574
39381
16225
98646
25723
46078
21986
42740
27137
54515
72272
56530
46918
82562
98570
88584
79620
67737
24138
76943
44063
34507
84987
13909
71187
00266
79397
03618
24793
63756
71611
35790
82237
61972
45841
76415
59728
78305
86089
65009
48593
63706
43000
50672
46413
31932
52525
50551
42333
58736
82601
82641
55862
32541
96707
94544
29254
15101
44030
60956
79387
66311
45209
95377
67186
64886
19752
32258
26577
01120
97030
60607
47266
02222
34364
81721
08030
65059
03909
92417
03524
80463
40971
38044
85308
15866
36463
70370
99108
21946
50167
87034
81130
83287
53842
40517
23378
34807
36641
67290
94059
77519
74650
34971
92369
77103
09835
55370
76547
69490
86819
13850
38866
35597
06586
78302
38299
17842
50420
44611
60493
59121
02989
70947
90760
06365
62234
26693
47682
50726
96976
05558
88904
90820
56375
16948
06258
60412
55675
34344
94766
13162
59826
10691
60464
82867
50928
48822
47342
99378
91986
03283
60198
84546
73967
90854
84284
86711
20832
23362
48689
97732
92398
10664
00368
03152
14886
52399
69632
29009
00110
02489
49047
38190
31560
91220
49742
78087
83231
58329
63485
85935
13528
67353
02239
43322
12270
18608
78585
87823
23510
83569
33664
24700
01820
99921
45400
57315
09527
57945
22605
82339
17134
22606
17068
97513
05601
02284
17617
10621
22928
58641
58699
77813
84658
11075
03805
43976
66270
44517
19691
75411
41159
42076
55901
75006
37870
82628
46559
93344
01252
93064
75438
76690
13492
34292
35178
21059
36768
33522
95247
27830
88704
98261
92278
71560
47602
26509
17616
81517
01162
99675
79660
54833
02701
84488
23157
60548
88883
09531
65152
27007
78472
36842
09885
58592
51905
01314
13971
90861
70657
01557
74302
12933
31819
86112
10534
30415
68085
36109
05225
04429
06479
57586
50733
96251
23021
79869
07418
71502
99867
33746
63844
61508
22939
37139
98807
61898
19028
78475
04910
99670
80801
64526
64436
16489
66084
02784
50160
06272
55545
65845
97053
29126
91531
95857
98626
77486
35962
64950
01850
15827
71287
46759
16121
20509
65828
63500
29033
81180
25328
34410
08674
20245
54774
79757
12188
37597
48751
18606
37171
72225
73632
02435
85417
49054
62597
46815
34188
52982
73179
11752
53675
11196
43000
19708
58808
82102
75905
15491
26666
03917
78300
13380
52655
23639
29819
79003
95640
62752
24685
14385
72810
97276
26443
95976
71461
38958
40460
94248
78417
08849
38148
43111
10821
68323
69207
95777
13009
55252
67679
69193
10376
61306
64377
89970
16253
20917
01810
41976
77363
32295
58751
34172
36089
88276
56592
31157
95954
66588
40648
50307
39460
98791
75033
72408
92965
11537
16729
28212
39597
06494
10884
10259
96465
08894
35977
26430
38748
45828
42793
61827
67940
57361
84363
88582
88342
53105
01600
08202
16069
65570
43148
88637
00643
62579
83862
87849
39951
23813
50939
63385
09555
81210
16688
35190
38422
10278
75539
44040
60790
49644
63136
97019
04276
83786
50851
58289
45744
37900
39610
31985
74406
57854
76231
59698
45502
95503
54000
98148
06347
81037
90244
23555
57094
23835
76857
57702
79298
80691
93953
55629
00300
21395
31890
07752
60863
05460
86016
18922
66907
04924
64324
93518
08481
56922
77238
09511
88431
15128
95754
91755
79402
96667
34816
31911
83853
18058
27966
53925
33057
23861
02350
16156
65977
72693
62778
66400
93301
72822
30811
96027
53727
91702
81500
54774
20928
73024
75955
04463
51718
03659
92531
06050
15905
07701
35105
74848
13992
32568
30481
60696
25560
25967
27722
68268
86798
49427
92759
55420
92787
75467
20722
96677
60094
61133
27421
56764
21326
72031
56489
74493
25599
70168
30284
69060
03918
73892
73716
52534
11443
83346
99751
12093
75750
41690
96982
58252
88452
85409
66474
74696
87707
00226
23748
03344
48769
54873
16622
52470
54575
02081
85029
29604
45814
34146
21747
65441
06722
43634
44834
73908
49665
59136
72425
19716
55928
46662
82453
01148
59134
93692
39474
47169
66079
43856
85456
34482
85590
97650
16327
40861
77261
69110
84018
93803
34335
74129
58668
96973
30790
36780
68071
66335
49973
41751
99429
03762
07216
03820
90407
80932
25024
96252
02228
83224
94249
72091
05551
48597
25649
83978
20740
40995
10056
16535
78293
01762
69848
66402
03230
10435
82763
04151
84299
22106
06272
94645
69072
14568
65972
90824
65523
32234
09437
98757
52633
72249
66103
17845
14460
81335
51921
36799
44157
05925
41796
82759
90637
70393
96083
46093
19715
79756
97109
05349
77966
37074
60438
17628
62664
11011
77431
59858
06252
32680
30858
44868
74035
91084
66355
55308
14380
94952
89418
68257
74678
65040
23032
69791
16858
91958
26858
34680
12345
67605
48371
40285
31902
63340
13283
97060
24574
86837
83418
59339
46044
09409
94226
07539
93728
89287
32968
77061
77789
03173
04197
33435
47793
42903
63877
77459
26424
62618
51255
72982
62881
11554
89935
72374
22276
63454
63880
78096
82378
09272
58673
74946
29777
59168
96400
33925
36957
18932
30800
45378
53674
18894
49316
59921
57792
19264
39393
02438
80015
42789
30834
39882
32210
71121
20019
00474
34578
88722
75073
14107
44752
77590
41294
34338
75314
28677
05363
90122
03145
74103
60851
69124
88271
68227
05616
05600
81073
40463
20922
10061
93449
86333
88619
62860
36509
68125
25708
38118
04081
60515
46733
19390
51425
61748
45053
85418
29676
32847
41009
29306
08295
82887
74386
22017
82409
40408
57496
87444
17622
91077
46605
66854
03351
58255
10737
88940
57119
50998
80138
39128
95308
01160
83093
47795
52810
83610
52099
17119
35209
63371
90848
96359
79927
71030
74079
02676
29776
86132
66696
79837
09226
59015
89439
43571
84426
15552
44278
50587
40938
31054
20181
20481
47947
76348
00587
27908
91654
33853
42837
75394
87138
22355
59872
95512
15937
65296
53014
08823
88397
05954
00081
33153
22055
27490
81000
69259
33349
31563
16781
79461
98171
16628
47607
63806
43376
17590
92946
33221
68884
22785
49624
73024
57845
91496
80490
98365
42503
18523
95575
69669
65948
83488
22355
95942
13054
51732
29226
34535
25907
55004
60327
61784
63469
53213
64219
30973
58714
80958
20213
82997
80366
35627
53363
91736
57893
32822
67041
01476
27394
13931
57473
16327
55524
78784
15873
38704
74567
07687
10000
00953
77112
39119
41725
95943
95815
02376
12136
44601
87736
27112
31728
16270
68304
13204
96848
48608
45700
09816
31279
08110
85191
89490
26269
53811
66459
59244
97209
32690
42773
12827
95285
54769
78589
64567
44774
92186
09294
82811
52246
91643
57000
72803
53120
01647
88201
43859
06154
36940
73385
37190
64966
68677
85502
70349
37556
78348
07755
71606
15660
24466
17840
49101
19782
18754
49683
22986
34691
38218
03764
50625
68780
00226
36853
25391
36221
97400
29165
95306
64932
39933
95154
89320
77732
14321
48043
20091
95325
15879
67854
61756
50731
83810
68603
87541
16834
42558
49312
08976
32388
99916
57364
64701
78326
73635
92068
26965
80020
51873
79058
68631
60894
68184
06135
58481
71531
94183
38099
42317
03347
89184
94095
68961
10906
07481
71787
10334
43754
17817
38527
26738
37807
06969
09474
44674
60479
96652
20734
49373
54208
25027
68154
65951
72928
31758
62366
85231
78227
99555
99610
38130
32774
27191
70947
14956
57694
00494
41883
95666
39312
81229
76236
92658
38335
56355
78312
41614
86715
67705
00922
11053
94300
39527
79787
45619
19416
37892
71664
93643
73422
03073
92844
16009
82958
99872
29760
06467
54114
78970
47586
47809
55326
50576
34875
22484
02165
89286
19427
59222
60214
74698
06300
76597
04814
86861
43177
48454
40726
13735
93097
22638
21635
02747
58152
26233
52816
93058
33336
72734
37775
74564
75150
61092
03678
17328
79324
19882
40552
91940
56244
93081
73471
20482
01586
87973
04806
88001
68667
08985
20745
17198
95366
61394
55701
61889
92836
84965
33901
92099
31488
45045
56479
23183
57980
60259
38394
59060
10034
20993
81719
35155
90981
72269
82404
63703
68056
67048
71314
30595
81590
27265
66741
38994
65998
27891
67668
87654
46774
19356
83821
56361
46907
75927
85593
20095
40721
45514
15398
55344
04883
59251
03032
43266
47892
49020
18193
81584
90510
29130
56373
21767
54185
80064
63046
61045
97002
89486
85092
24760
47579
47068
10230
40228
16269
29769
01856
06536
75030
76034
34955
54059
75274
05721
07913
58173
38813
50733
03462
47168
29355
23762
61678
93214
73685
84146
91194
31186
64845
97633
22688
90804
24972
07072
89672
03743
36104
26225
66812
41006
91240
32575
61180
55780
69681
97706
86759
91261
60547
82125
69022
90029
70170
34880
11109
20858
02590
22139
06423
11701
43762
85808
09002
35290
81443
63186
97547
73990
55726
71945
05963
96267
41330
38605
92557
70740
15460
29733
72542
43242
19068
58319
32014
06620
17109
34014
07730
79079
08998
26554
11820
16623
04839
57834
19137
48194
33859
85322
46782
45425
00003
75993
29586
26159
76510
84021
21087
85065
98279
37685
46170
57019
13706
89440
03459
11938
71724
59745
84452
14036
65977
38072
72959
34209
39996
83979
75400
42343
18898
33087
74422
96516
36350
92892
89067
59214
91225
64703
84821
07450
26397
62229
90339
96807
98595
87427
95792
52245
01601
09288
59845
14492
65204
17544
37515
20388
37300
05104
84419
11524
58164
47597
82470
17338
87076
18565
29428
61252
64719
05101
89922
32428
94797
07750
37240
17019
98442
53533
87885
05023
07253
73864
07383
15756
17773
70272
39851
27628
93556
23376
49358
23108
20450
29564
48195
61484
98769
09562
17830
24135
31946
81415
62980
04750
56879
30688
52489
74731
28459
96294
43462
33670
71886
91534
57550
62073
68528
27236
90572
11487
26824
72012
36778
10112
22078
97410
45185
29798
43781
94602
99910
45454
05243
22671
86519
66225
06102
54358
94281
13606
51118
92335
85739
15542
10572
69842
12001
15932
29352
98316
32565
23803
21987
22631
32633
18536
53336
99773
03895
01123
59875
87339
04150
11807
86106
73010
66173
69807
72004
83459
15372
63722
04897
49760
63726
80772
16803
13292
47908
61749
97592
56822
70684
94934
48013
73597
91910
00317
67603
41210
30555
36052
61007
82203
18138
99245
54894
79766
61219
59213
24526
65132
80563
59376
05403
68773
38609
96923
35327
06844
19863
20941
23188
49337
44777
57384
29291
61157
01213
86876
04600
75373
62060
66224
61586
18121
84125
56627
28502
23064
82270
08022
99562
56125
46100
34012
95615
87179
49969
79965
53577
11715
36190
30775
35109
25972
83571
04322
40288
47611
43615
69093
79322
41715
84642
28203
69034
10375
65705
11652
24369
21163
89920
20032
51653
81631
97533
34760
59561
35959
68791
01835
57435
59845
74927
59202
86147
20539
03300
54035
13606
09483
04705
28733
88341
73175
71131
35729
06314
79766
05155
92698
66412
29568
11861
72609
94243
56378
10396
97833
96695
65422
93092
71666
27756
28517
72242
65259
14387
98746
56270
58714
27558
44003
14951
37157
71565
19354
43889
55706
91646
22706
88984
56335
02105
17629
67679
89372
63092
28623
87883
28489
60794
13075
38766
11187
40157
12658
02987
94016
41388
27621
83652
16536
26350
69927
64675
10016
63002
37462
48954
11015
13346
60051
44459
43195
86489
54831
90350
08189
97891
12272
03314
90788
57741
48071
51001
22962
63587
85017
84750
33613
70712
55909
04278
02916
72910
09370
35307
37014
10858
80221
81075
90158
03046
91476
41879
04934
33473
73236
93294
29224
34098
03393
15648
33907
01331
27431
20591
07776
61753
98347
55000
38103
19173
54776
88896
50923
68016
61462
27839
13200
77926
44499
46035
74439
57262
13223
18102
91590
90503
00381
98276
97535
95627
75487
78845
50173
99270
21399
30799
15040
55945
63734
13398
20870
94521
83246
03191
67522
33004
51652
73400
23377
81018
74501
05569
51676
52628
58667
27849
80664
05864
24087
63992
11210
53144
87277
93175
19676
05379
17130
30359
23394
11678
03664
27759
07613
87780
43122
98720
11650
98785
65230
91988
32547
72659
62952
48640
31358
23702
64416
86051
17686
56076
07157
93162
03929
82838
17886
15747
57400
91984
63430
07013
07614
86176
32950
01531
37768
69198
04090
12551
42927
62038
65550
31862
26136
34059
57766
39249
17266
23328
01220
54068
59056
15828
05768
28690
28905
57179
16171
54265
70697
70428
68803
27500
75355
49728
89112
74673
18878
97302
90844
64281
67627
96449
42128
38123
50962
79121
48875
32021
04439
76512
17332
71396
24362
66039
49762
30536
57591
58039
30181
21663
98261
05237
01058
62596
50742
03450
40149
97833
80830
74118
87350
74348
34375
99495
49130
93025
41138
24802
94779
18885
09042
25807
62405
15158
81294
81501
15129
45293
72159
38090
82661
24248
55900
55942
57244
78990
97308
34611
33037
78882
41143
44260
64902
16675
63915
22435
44405
13869
07358
20974
19291
80728
79432
94191
14475
78082
81885
20251
15645
14969
31975
15705
85312
50377
40319
99765
97490
83487
74484
92985
39651
45464
25179
36695
02893
22857
28389
73680
28393
08437
62329
98091
53735
45726
03107
57897
99499
79587
37677
77339
00592
01370
40295
11879
83715
02040
33977
17149
01075
70547
31287
52948
19971
84783
06574
39408
85369
22952
78200
26968
36275
10918
28076
39453
04719
31412
47809
07967
60889
14009
45400
99265
41532
65405
22606
68403
80233
80185
22546
36567
60913
91900
84732
34742
50391
96382
60822
23968
11059
00793
21572
56731
63538
94014
56574
91917
13236
73880
47699
34572
03091
90181
81321
34037
19564
26749
88756
01541
73370
28281
78131
92781
07891
34854
46497
80886
82438
61076
10757
95233
65387
69829
51824
90719
39107
83368
39363
30412
69473
92213
80941
96005
71003
00559
51558
15674
91219
86319
10585
92397
75567
57671
83639
51892
60719
56464
37611
30542
51353
36965
03889
70506
21291
77676
20316
83142
95643
05751
96121
21722
25914
41031
64398
03772
35153
45722
41949
38483
93870
18731
76721
44501
81027
44906
69805
47872
09172
53099
19241
92307
35952
14904
90436
67183
49304
01197
72424
41072
40249
84421
37804
73460
23487
86168
47623
36555
25754
15114
47168
75060
98203
96261
22912
05171
12101
32409
17760
02849
88147
35139
06178
96330
47929
26997
45126
01511
26937
01808
94427
11087
89125
26519
30610
11555
33759
06878
83902
94893
12294
05121
09128
00135
57536
12301
80132
47334
65772
75540
27787
48631
54187
70907
54808
57440
44424
01916
95262
97544
63520
49048
89397
86957
79099
06642
55686
68674
06019
20751
03912
11708
09801
16558
78885
19096
53522
70041
75181
12063
32696
68088
15929
01540
72123
18436
39007
85534
49912
18570
10454
12291
73257
32117
25021
66559
08825
27373
86527
79644
00737
60832
47606
44890
43025
74753
70016
59595
97301
79365
49702
29828
07411
25066
55891
97043
94386
74911
19410
13982
23064
73884
26687
37500
65005
82497
78106
60224
54705
56766
30882
70449
60207
74001
63516
88889
68507
66547
04664
44408
03867
76011
36796
94097
01666
16149
00275
87612
41881
72793
35190
04780
77761
36614
95353
96633
45255
20063
91428
77216
60129
80531
75586
05849
46859
98902
89937
81476
73488
99503
47069
32331
86895
04309
89355
05274
31082
75877
07652
79532
57459
94430
34925
25612
40104
79771
07920
30617
88466
71747
28400
56723
34965
37463
05650
93472
21475
31759
33928
94196
84964
21686
96700
57342
42554
55364
01114
07775
11699
97222
14339
64448
31391
44041
52971
40136
22177
64368
72617
64945
48065
92558
80322
15742
78464
47795
52559
81053
30919
06709
49014
21379
28574
52212
25315
54361
58955
40187
51881
31733
98888
10466
41151
55274
63104
23870
25655
81812
58688
55573
28176
07729
38890
66093
60452
57877
36818
42397
79731
95651
37996
28643
19099
07485
64213
61656
78061
76976
96559
01076
45847
05647
40235
48679
68562
33429
85432
58339
45916
24445
48737
04231
10281
19713
07061
60994
53393
79451
57460
61370
14975
49160
46895
21348
72654
35814
64122
72774
58130
33869
84517
60655
37941
21549
62019
95125
64425
62732
09218
53998
54671
16496
40526
21480
41875
78070
81025
86442
66075
32256
11267
48079
58124
52800
52598
38130
81543
83782
02811
59102
05637
45545
27745
98613
07719
66085
76588
10664
73126
00165
08992
99150
76149
33412
59736
07740
78570
73225
81839
05793
49538
73728
78421
29835
49591
74531
41600
79362
66276
65810
35823
14690
06276
64378
62351
30884
65923
13989
26006
74533
72163
92307
22949
62616
46048
47005
61032
42129
82035
49983
16274
68020
86096
40594
39315
92014
95696
50804
19363
71940
78544
27779
04699
77062
20554
59842
10756
55074
43862
03701
39019
23804
71026
94178
32036
28913
92180
90194
99019
18573
70849
16323
52535
19006
05391
60585
40505
48730
60486
27627
17491
03925
00659
06429
06223
48193
78519
74665
86061
16345
15396
50388
71825
41002
51244
79395
24515
72878
41847
04154
70710
61853
69136
23561
45386
08138
99188
15208
02960
81943
67164
78046
40080
64317
60918
39759
09188
04771
16176
94043
97413
68315
07070
31221
60146
81160
59046
37653
65385
12777
73644
92529
12013
11094
63543
65784
90342
75147
84595
06331
85667
13137
72057
16096
94696
23344
01412
68114
27792
90122
00676
28589
25584
97290
33902
82028
53815
19643
66841
77737
06136
86472
55689
86617
09560
44555
61413
61449
28220
02143
76926
98080
91017
22064
40176
19980
68377
80088
08839
02775
03056
74267
54987
62349
28824
13832
04746
46550
78466
42436
15878
24502
45789
43346
12623
25612
84720
67314
21351
41654
79319
26819
02547
21589
63501
21521
27382
66920
28493
56344
97896
95966
88473
91450
46462
46519
87602
60131
63228
14757
77777
21388
82265
14467
48776
13223
79119
18220
21321
70488
46561
35956
44182
86183
94621
07469
37793
39249
76851
95344
63295
37040
75137
98733
33041
54881
05121
01727
01055
76130
44519
15202
89210
08088
57318
78671
31085
74892
37967
12605
10597
42485
33150
64060
61227
97789
75447
99182
92014
50563
40428
38846
86683
74412
18141
55641
74257
21102
25917
12215
65536
98626
89368
03463
95245
29017
03440
58634
46174
12178
91348
84925
20362
85705
64674
52237
37374
33464
68206
63303
40613
73142
37521
60434
90232
70214
94874
11756
18499
05067
77693
52309
09594
26380
30867
36026
99946
94204
35152
31095
70659
10170
86677
06168
37391
26103
33526
54239
50142
05151
10674
00528
82682
05404
37881
19080
19747
62261
00464
10580
48022
86775
13909
94787
03019
54363
54833
04205
05035
56990
44326
37305
21653
19182
53807
57376
31130
45770
78037
84959
49529
34784
28661
77756
93533
85595
19079
57738
97727
64297
02148
46673
96321
78949
82598
77035
39266
22324
06898
97192
22040
23978
28747
41681
40362
98268
42264
43300
68393
74670
00200
74012
82611
48859
27449
65115
98774
94709
25153
95345
99711
67777
49321
27692
94232
38618
74245
07398
99313
17207
60330
78240
41563
92895
56642
22110
48083
11823
58552
98025
12262
04730
72614
32650
54651
24767
96693
13525
78240
12047
66701
23702
69091
95894
46931
76251
13426
33219
37765
07433
34432
50910
55739
23828
97918
01419
30779
62670
40881
97366
40290
23039
37531
96258
45239
83866
99106
22597
70460
20242
75462
89725
71760
46405
49903
53246
26366
80922
12483
44883
27300
22326
55832
79794
20942
61272
72240
29973
86057
37743
54151
45222
41769
85508
01360
68768
91981
68018
32167
74814
81377
19324
57452
97143
70977
95007
42300
92102
46226
88620
02100
74204
13745
88513
97715
18822
81204
43012
01335
98448
93701
47643
15186
09309
30133
68188
62313
98009
74715
76979
14169
10118
91654
20714
11585
54275
51768
54297
15839
17015
29849
20217
16503
14268
89488
42963
42357
34895
79526
84074
86465
49035
89547
36045
09791
47208
83176
88381
87368
79329
75762
03537
76350
14721
05349
04523
11596
08705
83422
01633
84954
09711
95006
58100
92254
22862
59629
35887
13792
09735
63603
66190
00086
91027
26566
03965
72467
26534
76622
15829
50778
31456
69368
47112
03976
02902
83299
50652
70275
23350
36052
12222
30018
34362
72031
46707
80757
59617
32477
33834
45163
62496
17313
37312
89402
22774
04317
71367
68044
68235
21089
81163
38097
70685
97225
41378
50365
14565
84005
23806
46821
36304
47827
33969
00268
25258
19988
72026
75358
07788
40932
37945
06098
83736
16230
23170
71597
84012
44817
20739
18645
21242
68778
21254
17380
49025
01921
27538
87556
61160
91268
00121
16536
62377
45497
98760
28489
75744
45417
25565
89679
83152
66893
58011
03195
48072
32758
59061
70120
64054
52232
90869
66535
34625
19902
89169
93661
60787
06159
48698
96629
39993
15619
20022
90379
85698
71853
91265
90832
92622
57800
89960
47580
17628
23029
37055
18906
79639
33683
84826
33727
61512
10011
32270
60063
24870
14776
12476
67682
98797
58696
81730
73100
04277
02792
38710
97421
14497
89163
29649
12419
87711
01684
84381
55798
49281
87043
52573
54956
42903
42843
15111
91880
40134
60715
09928
48513
55751
15474
96654
84937
18967
03522
03652
29544
53187
93486
09615
82102
54042
55485
94903
02022
75677
74281
60284
86855
75752
03332
68377
69332
56742
41914
68764
72961
83251
53467
64395
94599
15571
64429
28904
41148
38830
92337
22398
43808
03494
27940
92238
88951
21002
11971
39482
82349
41150
88860
82906
53371
30167
94027
92305
37553
43433
02420
28293
26587
46219
58716
56308
61315
46938
38974
17281
29809
67008
43180
33205
56442
08859
03977
44235
22316
29269
17073
29058
79476
56810
81530
96750
69528
52666
67199
06132
62538
93568
71348
25727
90686
36414
13105
38726
51888
35658
12371
81960
82480
11888
35978
46792
33029
15616
30878
39242
63671
20590
80240
42046
24638
41624
70867
52951
25446
02014
56757
48446
12259
92039
82884
78569
28926
97537
59144
06451
95258
59384
72217
67421
67591
63799
97467
79323
81459
06710
56022
12744
26887
50597
62189
40185
23236
39342
17196
60379
42457
78712
52940
36873
39206
44702
78552
86339
30905
37710
71179
31566
10987
92867
71528
73359
36629
96586
86493
80996
43408
63439
28170
56399
27912
73982
21323
13683
20971
00388
17570
94957
40434
25682
38751
59446
70976
27553
27497
05154
56988
95295
66280
74721
37319
66049
18575
72916
27698
11690
81666
54134
23168
10418
19292
23532
49870
53512
33628
04866
94617
84691
27067
77361
70711
37255
33964
62475
87559
32725
32907
51039
10883
62802
69415
12083
92141
69542
43155
79670
63119
11468
74319
51505
29676
90461
81605
19856
10403
25867
25850
15856
43953
81077
48149
04626
38973
99705
58112
31861
87061
96564
71252
23060
49787
10249
51481
63366
55976
83069
65722
51362
62271
46976
79238
94931
73521
85219
26431
26888
25724
70170
35480
46367
31611
36063
10408
57158
40236
15543
90472
57818
29005
09337
44642
79971
58017
22986
57964
77081
99772
72013
02057
54977
73376
69508
48503
96370
15845
44500
74358
80127
44949
19095
20810
79125
05568
36664
26251
65870
94106
26767
42278
80501
27923
19211
12774
99031
27867
30135
52585
73340
95218
75200
22261
28208
70989
76875
05504
51110
09573
94926
45432
26971
31023
60251
10959
11163
86507
66265
84405
53212
45640
13254
10142
01607
36195
45933
89715
74646
70130
67111
00042
82325
25867
77714
69325
63853
30076
02550
55926
17735
13821
24731
13594
67497
68311
01360
01596
56293
72813
82588
30311
84319
47107
88679
92574
90626
90266
69964
30025
32300
59476
93635
54541
42374
60178
67258
62112
19547
41323
94884
90193
57721
90403
22364
23208
94511
25545
14584
55046
35268
67799
80327
21379
41544
94781
23930
82174
33786
37401
44406
12704
42243
93598
78808
79805
97672
37279
19281
57029
90100
61756
71550
43762
95274
78750
25230
01245
21891
73425
95714
44893
48205
64219
30374
75135
69883
97416
19789
53147
00906
97709
13004
63706
44124
68776
47852
75009
21958
06886
17606
89927
26173
95405
94232
17344
80149
26601
97353
45031
93447
42611
24709
13309
10503
23282
36073
93232
35329
40774
91833
11312
01146
44177
14491
57621
01722
55399
19640
73546
73929
27952
22014
84885
07735
57036
80555
94763
25468
48045
02057
13169
69494
17573
56692
92347
49354
54924
57626
72169
86746
92547
48672
96136
88576
16588
66043
05730
28812
63675
37132
09586
93447
42685
12228
56671
94177
99679
69877
00129
50993
42922
33601
03453
83412
75818
83330
98878
41548
51537
17026
70822
94570
74287
75700
42658
81105
28549
69100
06962
98706
13179
16381
68329
71682
88973
39144
36224
29512
51861
83114
94337
59412
87741
79108
27101
04927
04410
35167
01943
60665
10729
51421
69177
30270
23145
98171
02058
27178
98859
41946
79153
49560
09380
77005
20385
13990
56398
30624
17058
00712
86557
05566
26971
36938
68904
16847
43106
81990
28894
47607
59426
11378
19188
31430
61061
19912
72867
12844
03286
38751
76543
21153
95658
19538
98245