53520
50644
01214
46125
11524
50297
09758
09867
06291
30798
15560
48737
04213
25622
25790
09854
48344
26600
43271
09905
53107
42310
28440
12661
43631
10344
03096
49920
15845
58161
19721
15932
17274
01362
59683
42218
54372
19766
49354
49993
58077
04452
40574
03113
16919
15272
58429
57001
55683
34664
06649
33411
18693
09454
11607
30579
59696
42387
50134
56002
28935
20735
57778
57462
31769
37921
08536
31595
38802
38434
40888
22865
46474
14510
27163
43967
03703
42251
58939
16620
14507
20687
55186
16477
11828
45685
23454
01287
07792
38691
12043
19363
57815
24642
46959
46850
42476
19403
51807
29519
26201
05119
25607
47935
32046
13060
36983
13109
29123
29035
47087
34258
37313
14714
00003
30886
44754
12264
38483
22288
29072
14693